%YAML:1.0
---
K_left: !!opencv-matrix
   rows: 3
   cols: 3
   dt: d
   data: [ 7.9440659624431146e+02, 0., 6.3740831986425076e+02, 0.,
       7.9403668676734139e+02, 3.9132289339212434e+02, 0., 0., 1. ]
D_left: !!opencv-matrix
   rows: 1
   cols: 5
   dt: d
   data: [ 2.0587754134843786e-01, -1.0450626360327178e+00,
       -3.5332834289515834e-03, -2.5927332061380704e-03,
       1.4975568488518756e+00 ]
K_right: !!opencv-matrix
   rows: 3
   cols: 3
   dt: d
   data: [ 7.9469597312530072e+02, 0., 6.3054570920713070e+02, 0.,
       7.9430717405519135e+02, 3.9770473640709866e+02, 0., 0., 1. ]
D_right: !!opencv-matrix
   rows: 1
   cols: 5
   dt: d
   data: [ 2.0419970686913283e-01, -1.0628886960228769e+00,
       -3.2814823830105663e-04, 4.3426521951783602e-03,
       1.5905474670961581e+00 ]
R_Left_to_Right: !!opencv-matrix
   rows: 3
   cols: 3
   dt: d
   data: [ 9.9965189669470667e-01, -1.1621249586338296e-02,
       -2.3686113922037164e-02, 1.1746678395311939e-02,
       9.9991767499614448e-01, 5.1632138229837921e-03,
       2.3624160966112688e-02, -5.4396496538629373e-03,
       9.9970611142989940e-01 ]
T_Left_to_Right: !!opencv-matrix
   rows: 3
   cols: 1
   dt: d
   data: [ -7.3972069985597341e-02, -1.1191213353168761e-03,
       -6.5574945777882408e-05 ]




# OAK-D Pro 完美标定参数 (人类可读版)
# 包含 3个相机的内参 (K, D) 和 2个外参矩阵 (R, T)

---
# ==========================================
# 1. 左侧黑白相机 (Left Mono)
# ==========================================
K_left: # 相机内参矩阵 (3x3)
  - [794.406596,   0.000000, 637.408320] # [fx,  0, cx]
  - [  0.000000, 794.036687, 391.322893] # [ 0, fy, cy]
  - [  0.000000,   0.000000,   1.000000] # [ 0,  0,  1]

D_left: # 畸变系数 (1x5) -> [k1, k2, p1, p2, k3]
  - [0.205878, -1.045063, -0.003533, -0.002593, 1.497557]


# ==========================================
# 2. 右侧黑白相机 (Right Mono)
# ==========================================
K_right: # 相机内参矩阵 (3x3)
  - [794.695973,   0.000000, 630.545709]
  - [  0.000000, 794.307174, 397.704736]
  - [  0.000000,   0.000000,   1.000000]

D_right: # 畸变系数 (1x5)
  - [0.204200, -1.062889, -0.000328, 0.004343, 1.590547]


# ==========================================
# 3. 中间彩色相机 (RGB)
# ==========================================
K_rgb: # 相机内参矩阵 (3x3)
  - [1535.304607,    0.000000, 972.390912]
  - [   0.000000, 1536.263257, 583.896247]
  - [   0.000000,    0.000000,   1.000000]

D_rgb: # 畸变系数 (1x5)
  - [0.123225, -0.671296, 0.012166, 0.000078, 1.254867]


# ==========================================
# 4. 双目外参 (Left to Right)
# ==========================================
R_Left_to_Right: # 旋转矩阵 (3x3)
  - [ 0.999652, -0.011621, -0.023686]
  - [ 0.011747,  0.999918,  0.005163]
  - [ 0.023624, -0.005440,  0.999706]

T_Left_to_Right: # 平移向量 (3x1) [X, Y, Z] 单位:米
  - [-0.073972] # X轴: 左眼到右眼的距离，约 7.4 厘米
  - [-0.001119]
  - [-0.000066]


# ==========================================
# 5. 彩色外参 (Left to RGB)
# ==========================================
R_Left_to_RGB: # 旋转矩阵 (3x3)
  - [ 0.999909, -0.001752, -0.013406]
  - [ 0.001781,  0.999996,  0.002158]
  - [ 0.013402, -0.002182,  0.999908]

T_Left_to_RGB: # 平移向量 (3x1) [X, Y, Z] 单位:米
  - [-0.036780] # X轴: 左眼到中间镜头的距离，约 3.68 厘米
  - [ 0.000010]
  - [-0.002850]