%YAML:1.0
---
K_left: !!opencv-matrix
   rows: 3
   cols: 3
   dt: d
   data: [ 7.9370232041267195e+02, 0., 6.4302012614150181e+02, 0.,
       7.9422474618578156e+02, 4.1900963130920564e+02, 0., 0., 1. ]
D_left: !!opencv-matrix
   rows: 1
   cols: 5
   dt: d
   data: [ 5.7764409725876958e-02, 7.8925066600226979e-01,
       1.2593385559160675e-02, 1.1404809877723222e-03,
       -6.2252496214322735e+00 ]
K_rgb: !!opencv-matrix
   rows: 3
   cols: 3
   dt: d
   data: [ 1.5353046068776659e+03, 0., 9.7239091217704856e+02, 0.,
       1.5362632569685961e+03, 5.8389624668531610e+02, 0., 0., 1. ]
D_rgb: !!opencv-matrix
   rows: 1
   cols: 5
   dt: d
   data: [ 1.2322469977337371e-01, -6.7129581248557324e-01,
       1.2166057549936085e-02, 7.7732941071576603e-05,
       1.2548672691192140e+00 ]
R_Left_to_RGB: !!opencv-matrix
   rows: 3
   cols: 3
   dt: d
   data: [ 9.9990859643407226e-01, -1.7519340238715180e-03,
       -1.3406323299829154e-02, 1.7810237876578021e-03,
       9.9999608500695525e-01, 2.1582226553480900e-03,
       1.3402489750465686e-02, -2.1819023668033489e-03,
       9.9990780203504281e-01 ]
T_Left_to_RGB: !!opencv-matrix
   rows: 3
   cols: 1
   dt: d
   data: [ -3.6780237916298961e-02, 1.0174476686533865e-05,
       -2.8498804551062395e-03 ]
